536058525
512295667
512694538
513227708
514950470
519033452
523114425
524685283
531024704
532607251
535636999
542009918
543331046
544427680
547031950
547207376
547596901
554972917
556422920
559604848
562145383
564473726
564893869
565061315
565801824
565992108
574348411
581088602
593891064
596628630
601961497
602597442
606485954
606660011
607317994
608218383
613298303
616771640
620077493
622860617
625711014
632666722
634077753
642362483
648873783
657075714
664867760
665314715
667583876
667835185
678438014
679796184
680198976
680544207
680752970
684160252
702126510
703072127
703270944
705017785
711210217
714008275
717575093
718817869
720592621
721417418
722987284
723407870
726141357
726694909
734049354
734418234
735113788
736477932
736671069
742404701
743289154
748829471
756516534
759662992
762108889
775724154
782492906
835462732
836935208
837074716
839548415
845366697
853439768
854514203
872330250
1000959104
1009278334
1020172718
1021410986
1023823455
1036812722
1037589074
1041459048
1049319147
1067108088
1078500671
1086880751
1101604716
1103778797
1110638246
1111070032
1113521931
1117371024
1121314854
1124143500
1134067940
1135553968
1141100405
1142112239
1145340726
1153044784
1169588794
1170902578
1171064785
1171418832
1171869050
1181085795
1187618662
1189574708
1189868500
1196769292
1197146338
1213643177
1218340280
1218433625
1222881497
1227662798
1241173490
1245379574
1247390274
1248296358
1260733061
1285653554
1321056787
1323146939
1330849078
1333210251
1346112645
1348247801
1348372812
1354429678
1355142800
1369686865
1388114657
1399184713
1402359833
1405906046
1408171518
1414705273
1427802543
1438093271
1447968236
1448203334
1460483389
1465299120
1471562174
1518763936
1520485400
1534735674
1538805486
1538922210
1539240399
1544158354
1550753139
1553812535
1559692858
1560615360
1572999665
1581735152
1589559331
1594867940
1595208600
1597395390
1597651596
1600005410
1604241971
1609146531
1623056253
1624155396
1625591498
1626518292
1653193441
1660645325
1672141614
1679044630
1680971649
1698444279
1701501507
1702047128
1703926032
1721735351
1728524349
1733010725
1734377915
1737627383
1738145305
1744561274
1745596001
1762617906
1781074134
1782695714
1783540032
1794905964
1797218566
1814049802
1815340017
1815451724
1816320338
1822450304
1825592703
1825945148
1830776263
1833940076
1834770353
1837740325
100000002675288
100000003275050
100000012648225
100000015553169
100000016865221
100000019670654
100000021073810
100000022502316
100000024665266
100000028409265
100000031596441
100000036081404
100000039059474
100000041387702
100000053296758
100000057793193
100000064268089
100000065787797
100000070627878
100000072073746
100000074338668
100000075545994
100000076044202
100000087894849
100000092006193
100000092939397
100000092985700
100000099637951
100000116622314
100000118894072
100000120065310
100000125878084
100000147196507
100000152759142
100000154499184
100000155734307
100000157226198
100000167495741
100000167498218
100000184203664
100000187817528
100000191987575
100000228278660
100000230244134
100000233628060
100000242378039
100000249080904
100000259408665
100000267285821
100000269486936
100000271763801
100000293429469
100000295184930
100000298841784
100000315868646
100000321035846
100000321207954
100000323409203
100000329175718
100000329355653
100000330152819
100000336480025
100000343278718
100000355550465
100000371111331
100000385810963
100000395150409
100000399658125
100000411454182
100000411924721
100000424005200
100000443029950
100000443789045
100000449943382
100000453893106
100000463408663
100000476186877
100000476308579
100000484936431
100000504206035
100000517543833
100000523690927
100000530630257
100000532508926
100000537717816
100000540557875
100000552863486
100000555314208
100000566398640
100000586058442
100000586912233
100000595189805
100000600154053
100000602076313
100000603198231
100000630295461
100000665131260
100000667602826
100000683541895
100000692408316
100000698494767
100000701297861
100000709177201
100000710307998
100000722509524
100000764543898
100000773075883
100000841071331
100000847930375
100000855595194
100000875378166
100000885433176
100000888984231
100000894969014
100000902337756
100000903631540
100000915744337
100000925118718
100000931666930
100000968036247
100000975109440
100000980413132
100000987591070
100000993464076
100000994624661
100001018048766
100001024898220
100001032032108
100001035182906
100001044993754
100001059046528
100001074270173
100001083863772
100001098298949
100001115492342
100001119248445
100001145041883
100001154857368
100001174344310
100001179538221
100001189337620
100001192103046
100001193626946
100001195006463
100001203600844
100001210437633
100001226421352
100001235667338
100001235835904
100001236798598
100001243054620
100001258738343
100001269911512
100001270174921
100001282487973
100001289411182
100001303205083
100001308004644
100001324885275
100001343695662
100001344838764
100001351821695
100001367294968
100001380833134
100001381150535
100001383083662
100001387126726
100001390759517
100001392422378
100001395097026
100001408154576
100001419126661
100001425833423
100001431810225
100001432072117
100001440931121
100001443763456
100001451772666
100001459303319
100001459671272
100001470035123
100001475851603
100001479160196
100001487608302
100001491212162
100001494543815
100001497894562
100001502892151
100001503135820
100001516425276
100001527123975
100001542315481
100001552574932
100001553754677
100001558989550
100001571382177
100001591660935
100001596661413
100001598265429
100001602508709
100001605246747
100001613052855
100001618488644
100001622891768
100001623136622
100001624637407
100001635957937
100001672287847
100001677442023
100001688492818
100001704807044
100001708494991
100001710632684
100001714584953
100001723418719
100001727843424
100001728745432
100001740012883
100001741978855
100001742568081
100001748394910
100001750524965
100001753086057
100001755057874
100001761413621
100001762338202
100001766132303
100001768077901
100001770245043
100001781791770
100001781932889
100001786222577
100001788147771
100001788589278
100001801705016
100001812247526
100001819303736
100001826674811
100001832078468
100001838402545
100001845277496
100001850271898
100001856472599
100001860917864
100001881385749
100001886916439
100001900253341
100001916278142
100001918624894
100001925718550
100001930888072
100001931423202
100001936088372
100001938935979
100001956663733
100001958970155
100001959367521
100001959452332
100001961495263
100001965387066
100001970387203
100001973625330
100001977314559
100001984183560
100001984973702
100001986346987
100001997038179
100001998438034
100002007263303
100002007555810
100002009862516
100002012230734
100002014577794
100002018238281
100002018843821
100002019766916
100002020784383
100002021805910
100002023043417
100002035228688
100002040983292
100002045502476
100002048756662
100002050124293
100002052057118
100002056999904
100002063818477
100002068433849
100002075716937
100002076915048
100002081578349
100002088519663
100002091455799
100002092036945
100002100563866
100002101382978
100002102953162
100002104462281
100002105624241
100002106106017
100002108426593
100002110150915
100002116973077
100002122697614
100002122908689
100002127886388
100002139007172
100002141762308
100002142940155
100002145180628
100002146506957
100002158788538
100002159417146
100002160735265
100002161757800
100002162776837
100002175482397
100002177450004
100002179005446
100002180153549
100002182432235
100002194397690
100002197091489
100002198996500
100002199656179
100002200919095
100002206945614
100002206965851
100002207925655
100002214181358
100002215673805
100002218697539
100002227120258
100002242303660
100002245023157
100002245353345
100002254661683
100002255449052
100002259813219
100002259891028
100002263806244
100002264337336
100002269296702
100002271463962
100002271713092
100002274219311
100002274260191
100002277196857
100002283333429
100002290777965
100002290936646
100002294233419
100002294996422
100002296755094
100002299670424
100002302170471
100002308317447
100002309299365
100002310744697
100002313915873
100002318076137
100002320651564
100002325318896
100002326218917
100002329297825
100002330146582
100002330543795
100002340322855
100002342155053
100002352469007
100002354946564
100002364568066
100002364702607
100002366111379
100002367496702
100002370420308
100002371816905
100002375465595
100002375752891
100002376588616
100002385401333
100002395721925
100002402714063
100002407173748
100002407781224
100002427543603
100002430701714
100002431001720
100002432917062
100002433531737
100002434061259
100002438659999
100002438675720
100002447779284
100002449955569
100002463107975
100002463349101
100002467164849
100002472704886
100002478339791
100002481924364
100002482218352
100002487584417
100002487753612
100002494207690
100002497192941
100002501969114
100002506989403
100002509213724
100002517275273
100002518804636
100002522507798
100002536531454
100002541933598
100002549393691
100002550060067
100002551965147
100002560034018
100002567380859
100002572544575
100002583070853
100002584356925
100002590601661
100002596905898
100002610220148
100002614656651
100002616945730
100002639059075
100002645618903
100002647720417
100002655665847
100002659092338
100002660765121
100002665224504
100002668180807
100002668683972
100002672970488
100002673912350
100002682590857
100002690263205
100002697826615
100002715196875
100002717751558
100002733799287
100002739257348
100002754928266
100002758826717
100002759262840
100002787248918
100002793969451
100002794590457
100002806737595
100002807287303
100002809698368
100002818585723
100002835409003
100002838519713
100002848190411
100002848337697
100002857913277
100002858125003
100002862693733
100002883128267
100002896637972
100002899007945
100002903526386
100002904787634
100002910061159
100002923199054
100002928377138
100002929008075
100002934745502
100002941562742
100002951995710
100002970490612
100002975132880
100002978935402
100002982182498
100002992027229
100003011835380
100003045470280
100003058156228
100003067621376
100003099475431
100003131289034
100003151376641
100003156696528
100003160509591
100003191223008
100003192849639
100003198915680
100003200088915
100003203857711
100003219680966
100003226392409
100003237500551
100003241369443
100003241397367
100003241658955
100003267875657
100003272269830
100003295016395
100003297660767
100003305037955
100003345319555
100003375349607
100003405455069
100003458307863
100003494038677
100003512121063
100003549742606
100003565405338
100003581405775
100003595051298
100003598646496
100003609631294
100003621381519
100003717158445
100003765897650
100003771873043
100003815386080
100003833170471
100003843538579
100003862972477
100003909265734
100003972706392
100004004754840
100004039309945
100004063418028
100004080438264
100004345325119
100004380224310
100004453120074
