853439768
512269986
512463558
513478867
514739605
518156393
519033452
533301652
533939773
534089173
534154473
536058525
536942964
537842563
548799724
548804297
555055480
559726617
564893869
565066103
565091930
565107454
565177037
565580801
565746440
565800924
565936920
565992108
566010763
572682521
573032084
573202372
573336570
573802390
574355430
574422002
586510958
588365263
589100411
592096900
592617050
592955387
593025778
593097185
593102130
593222177
593391362
593656932
594016979
594321904
602611025
606893586
607059283
608783615
617563742
618297680
632052399
637287401
637335730
642362483
645718663
647807646
652053307
655863899
656572244
667431695
674798025
679796184
680715825
691485954
695668514
696033934
701016761
701301072
702343406
704631125
706996503
715205789
718817869
720858604
721791472
722563406
722717640
723162402
723231639
723407870
723653920
723906505
724071036
724075841
733153767
735182900
737871806
743274487
747450612
751485533
753092752
755988020
756588808
759177886
759419631
762654374
766741877
766756101
778874664
782280857
784099749
784705598
802954928
836575183
851769366
852604462
853034888
854534643
854849660
854949573
855669478
856684283
873100575
1014933785
1019163796
1023136943
1023823455
1034322904
1053903574
1057546556
1072322798
1072737845
1073465450
1078473602
1078500671
1081233808
1083248252
1086880751
1087920417
1102697634
1103005165
1146495053
1153104885
1153461531
1159261958
1164814262
1171064785
1171869050
1173058524
1186203344
1196769292
1206215836
1221216554
1227070067
1227925005
1234807886
1241173490
1245597928
1256269051
1258637552
1260733061
1262225918
1275628376
1281725913
1282490218
1303671264
1305748372
1320175988
1330849078
1333675141
1333894843
1346899151
1356699805
1356881764
1361380829
1378253306
1388114657
1397855485
1421082848
1432176727
1441883242
1446803343
1449369268
1450179323
1450853266
1452039250
1453059289
1456929174
1457539699
1459157530
1459809115
1462209146
1462478943
1468607502
1471562174
1475874224
1501042813
1504374762
1513403463
1513963392
1519209575
1522065263
1523467899
1533774201
1542289754
1550175368
1550205328
1553628936
1554025161
1556040503
1556539836
1560270512
1561136774
1565599983
1572820067
1576185346
1585665252
1589872265
1594867940
1596847580
1597575412
1604482026
1605049001
1605195345
1609146531
1609939988
1613140942
1616899598
1617252950
1622029792
1623056253
1625169642
1625591498
1630474094
1640029938
1643090308
1649173137
1649970279
1651684334
1652895101
1664898068
1677767450
1678007518
1683000628
1701501507
1715337883
1720171322
1720195576
1723225555
1733010725
1736487206
1742754977
1749772802
1753703582
1761744042
1772996265
1775395821
1775419630
1775809842
1784622176
1788327663
1795946375
1807167487
1836474729
1837518022
1841986010
1847907706
1848447725
100000001265144
100000002675288
100000004291753
100000013421230
100000015451734
100000021362392
100000024204134
100000024489642
100000030326823
100000039058795
100000041593994
100000044726859
100000046573760
100000057185827
100000057793193
100000060343928
100000065711279
100000067890479
100000073881724
100000074057675
100000077667491
100000080631680
100000081374281
100000084414180
100000085227179
100000092003019
100000095060766
100000098366820
100000103165424
100000107739627
100000115138470
100000115901834
100000117809095
100000117933681
100000118894072
100000120065310
100000121629861
100000123545218
100000124959577
100000137112347
100000147485284
100000151508441
100000160375684
100000161703788
100000163394046
100000168735767
100000172100106
100000173623183
100000196090481
100000200947370
100000206199071
100000220000321
100000222535269
100000223311416
100000227872423
100000230244134
100000230931789
100000234147244
100000237636135
100000247060526
100000259408665
100000264187806
100000269506174
100000276509436
100000279001899
100000293429469
100000302564332
100000307395488
100000308052954
100000311547238
100000313089726
100000322253575
100000341093584
100000341965794
100000345762114
100000352849876
100000355138771
100000355357725
100000355496875
100000362354574
100000369642350
100000371823234
100000372077770
100000376566283
100000376972741
100000397649246
100000397738926
100000399658125
100000405342540
100000406101943
100000411454182
100000420112469
100000446210826
100000463408663
100000474928933
100000475702018
100000478695764
100000484936431
100000486616268
100000494720064
100000497716661
100000498872214
100000501033581
100000516194037
100000517159104
100000522087013
100000523690927
100000527626307
100000532508926
100000537717816
100000537821888
100000539623616
100000546356264
100000546498275
100000547454377
100000555314208
100000561243281
100000586959189
100000603198231
100000605079166
100000609184687
100000609246458
100000611846789
100000618317451
100000629431847
100000639745232
100000646320186
100000647305350
100000648658549
100000682479167
100000688449226
100000692408316
100000695368696
100000707428601
100000707459198
100000710269449
100000744413835
100000746162104
100000764543898
100000779781079
100000783816572
100000784767548
100000787858930
100000793057855
100000798719008
100000810049973
100000810265394
100000812519131
100000843379575
100000848540439
100000849358752
100000851841649
100000861747560
100000868208005
100000894969014
100000927008554
100000932404813
100000981822024
100000993464076
100000994622101
100001022182581
100001024898220
100001025190752
100001026198547
100001026277999
100001044522830
100001058716246
100001076144816
100001076554834
100001079695384
100001096905539
100001097138637
100001097667598
100001110203555
100001116177427
100001143222366
100001151644789
100001152962467
100001156370631
100001167891319
100001171526809
100001192644503
100001199818495
100001202109467
100001203663046
100001204464602
100001208481950
100001210042171
100001220359476
100001222588935
100001231191470
100001238496049
100001251744756
100001252557277
100001257222127
100001272940142
100001279194738
100001281292311
100001282487973
100001298606863
100001312384266
100001313724260
100001332826770
100001335066364
100001340125668
100001341335502
100001346968020
100001347332618
100001361516037
100001371335675
100001376990431
100001393518619
100001403002239
100001403810556
100001404273802
100001409722029
100001411301678
100001411549526
100001415520372
100001416924947
100001420862760
100001422038557
100001431810225
100001432072117
100001435599406
100001439805263
100001445568630
100001449448928
100001463826924
100001471197017
100001472632548
100001473300656
100001473544542
100001475045206
100001476298316
100001485654830
100001488665404
100001498009389
100001508253554
100001510131394
100001514144446
100001527123549
100001529816844
100001537446340
100001552588394
100001552621658
100001555257236
100001562247446
100001563536469
100001571382177
100001575476592
100001590950465
100001591621982
100001596067834
100001598210529
100001608057587
100001612458267
100001614321120
100001618865069
100001621340347
100001623717912
100001628008350
100001631500887
100001645505241
100001650343316
100001668109432
100001670570452
100001670637092
100001675763349
100001676432682
100001681620226
100001686926977
100001688545503
100001696482698
100001702406025
100001705595421
100001708924884
100001710115513
100001711563871
100001715742054
100001729590061
100001750524965
100001753844205
100001755038380
100001767016060
100001771294815
100001775596565
100001785057051
100001785415738
100001786340888
100001791945895
100001802275970
100001804345563
100001806359213
100001807924026
100001811548718
100001823337369
100001831645446
100001831969320
100001833234303
100001835264689
100001837337124
100001838341591
100001839600201
100001843381527
100001852084764
100001855072240
100001855579504
100001859825814
100001871318821
100001871981557
100001880169587
100001880552202
100001883950579
100001892906496
100001895799610
100001902867330
100001905665299
100001908441088
100001910664102
100001915635264
100001916278142
100001919305487
100001923922052
100001929144651
100001932218790
100001932374367
100001936166939
100001938027191
100001941776231
100001942282806
100001945078903
100001948544849
100001948831987
100001949560046
100001957198800
100001957557328
100001960467259
100001964158943
100001969522533
100001970154624
100001979627614
100001979993684
100001980057720
100001980974408
100001991248498
100001992709369
100001993683906
100001995221036
100001995947938
100002006061077
100002006771462
100002007263303
100002010443617
100002011025249
100002011129415
100002013679666
100002016479253
100002021402263
100002021943940
100002029567871
100002030995357
100002031090741
100002031443645
100002032416294
100002040193998
100002043367216
100002044386953
100002045054091
100002048120282
100002048756662
100002053609050
100002059606153
100002059673837
100002061456710
100002062392335
100002068790496
100002069795514
100002074037400
100002078132758
100002086360573
100002089351094
100002089840906
100002091455799
100002091718249
100002092036945
100002092851876
100002098891389
100002099511127
100002100176179
100002100574341
100002102241009
100002108954526
100002110650911
100002111251362
100002122908689
100002126812580
100002128897987
100002129543766
100002130944713
100002137024727
100002156269127
100002161225180
100002161472236
100002165913915
100002167312806
100002168957239
100002170823174
100002173263367
100002173361251
100002175482397
100002180153549
100002181482059
100002181714939
100002182093567
100002182432235
100002183457700
100002185017241
100002188368430
100002189005148
100002189021304
100002192420916
100002200440780
100002200995827
100002202495507
100002204678655
100002205100139
100002206965851
100002221660583
100002222353933
100002223861021
100002227413376
100002230763783
100002230823700
100002233947988
100002235914496
100002239065518
100002239477810
100002239870261
100002247414438
100002250631273
100002250928542
100002251545869
100002255011827
100002259137430
100002260626842
100002262048568
100002262423176
100002265062564
100002269296702
100002269570001
100002270089287
100002270686679
100002276768970
100002279465336
100002280934170
100002282680340
100002284576505
100002292132868
100002293750895
100002295184277
100002301156696
100002303469043
100002308797198
100002312996314
100002315779302
100002318422670
100002320300011
100002324862427
100002325456721
100002325647069
100002328773917
100002339308939
100002341746234
100002345675332
100002348721428
100002351050341
100002352469007
100002354010415
100002357268111
100002363347549
100002366111379
100002368641222
100002370283962
100002371816905
100002374899230
100002380140254
100002381033588
100002381252836
100002384943317
100002396793581
100002397545241
100002403149156
100002404348122
100002408125944
100002408868543
100002414200866
100002414883178
100002416727589
100002419757529
100002422378831
100002423704028
100002426528520
100002434820982
100002436236791
100002446749586
100002447779284
100002448789426
100002453541635
100002456821968
100002461908468
100002462425187
100002463349101
100002469147991
100002469723681
100002471307033
100002474794171
100002476178339
100002479108134
100002480475381
100002482851922
100002485764294
100002488770176
100002490016309
100002492684692
100002493838764
100002493848349
100002494959597
100002497557763
100002498512429
100002498524371
100002499492626
100002501353658
100002506115437
100002509935444
100002511982107
100002516017321
100002517846067
100002525873174
100002527824780
100002528749678
100002537806124
100002542930432
100002543008755
100002544234948
100002545474874
100002546613225
100002550060067
100002550117811
100002557062900
100002558126416
100002558751985
100002559525132
100002560691712
100002562696459
100002563360700
100002568196924
100002570720387
100002571106623
100002573536383
100002576353449
100002579386179
100002580853773
100002583703984
100002583956985
100002590501609
100002592191722
100002593089143
100002593534256
100002594123928
100002598073008
100002598283213
100002598526604
100002603694584
100002607429949
100002609844420
100002610220148
100002615591823
100002621070532
100002621100353
100002624983359
100002630128126
100002633732578
100002636115273
100002636825765
100002638897097
100002639745929
100002643696999
100002644050473
100002644920496
100002647734408
100002648274949
100002649987845
100002650761098
100002658409828
100002658702729
100002658991122
100002661498839
100002661575842
100002661633916
100002663075503
100002666500085
100002667961004
100002672184223
100002674824826
100002676252249
100002677291323
100002679803348
100002685049279
100002685404344
100002686239754
100002693227379
100002697826615
100002701731454
100002708499333
100002716740053
100002722358774
100002733597484
100002749057416
100002751005131
100002759262840
100002760560439
100002767921726
100002768629033
100002775810473
100002776009665
100002783533000
100002789516407
100002796399193
100002801246769
100002806910635
100002815351308
100002818066675
100002824313956
100002827746075
100002830285475
100002834871342
100002836465723
100002840439776
100002841229553
100002847532895
100002848337697
100002856167221
100002858099089
100002858125003
100002865730333
100002867982253
100002869480095
100002870628944
100002872189737
100002872247023
100002872383951
100002879221342
100002896066533
100002909134387
100002912665341
100002914444672
100002919202724
100002925311269
100002926204620
100002928069624
100002934745502
100002936229846
100002941628973
100002943637061
100002944412885
100002944539611
100002951634818
100002952682738
100002961259267
100002965599935
100002967195395
100002967957958
100002973995913
100002976810897
100002977219670
100002978134640
100002978935402
100002979491086
100002983281433
100002984250950
100002985928566
100002987645529
100002989418503
100002989518899
100002996937152
100002997374066
100003004545614
100003007339308
100003015428468
100003019851791
100003025742445
100003027737492
100003034121968
100003044809973
100003050733425
100003064149713
100003072673657
100003077512078
100003089184699
100003100456645
100003105620657
100003109970260
100003110753176
100003115570943
100003120387023
100003123469400
100003124093268
100003129743854
100003131225015
100003133207852
100003137855870
100003139077168
100003139583585
100003140961159
100003145548622
100003145975755
100003146304421
100003159619543
100003166073325
100003168971172
100003186688554
100003195859131
100003199935849
100003202680933
100003204200140
100003211814006
100003213638855
100003216012495
100003217328454
100003221008765
100003222974435
100003229117088
100003231494626
100003241369443
100003245417627
100003246550475
100003247500245
100003248445564
100003248713088
100003254214821
100003257682926
100003259331077
100003265093574
100003266211997
100003266949238
100003267992258
100003274672195
100003280166802
100003283478660
100003293409751
100003295500252
100003306748784
100003318105781
100003319366325
100003361793004
100003364159307
100003383872719
100003384532455
100003464637305
100003464747138
100003475648247
100003527460867
100003539480209
100003546438039
100003549742606
100003551949418
100003565405338
100003587580764
100003601091310
100003610068891
100003610538742
100003613316894
100003614362573
100003616817701
100003621381519
100003659805842
100003741536860
100003757465803
100003765948350
100003808815077
100003820872844
100003843538579
100003855433324
100003877353336
100003889190214
100003903014849
100003909265734
100003909701595
100003946614183
100003972485973
100004029344954
100004031743053
100004034656286
100004053945244
100004059453537
100004063462653
100004078211170
100004299581861
100004301704541
100004362152386
100004363330575
100004609032277
100004613197806
