1471562174
508160420
519889171
524374587
528026247
530202349
531894228
536058525
544621508
552369086
553026874
556093586
563669953
564473726
564609993
564893869
567483228
570979334
572398549
577124531
579376502
591888051
593062024
593898836
603756731
604202388
622860617
626336109
627667764
641919016
642362483
643191488
644811004
648862170
652644795
655064424
668949885
680544207
686349162
694206603
697118307
699806971
700901105
705220463
711943860
726694909
736843606
738778687
739639777
750111871
752037816
754330469
754384493
756814365
767444166
783288584
818300009
820744641
822569573
833903215
844869473
853439768
853684727
1009719494
1012738450
1013047021
1020172718
1022897691
1023638103
1023755980
1026337006
1027912488
1030478981
1031692068
1038632382
1043205101
1061307747
1061971095
1063208730
1066976616
1067139201
1083484854
1086880751
1094064573
1099087417
1101604716
1110416264
1111537596
1113521931
1130966239
1130971490
1133100090
1165295243
1167106742
1167961166
1168026203
1172067082
1176591901
1177010921
1178035193
1182686469
1194472332
1204257540
1207855722
1211900505
1221237690
1221894840
1239173846
1241173490
1242172462
1242497859
1247377194
1248172196
1250505666
1251897092
1252192332
1258100229
1258911928
1270424368
1274913087
1288783495
1300431315
1304272069
1308549164
1322914164
1325177813
1325495565
1327827160
1330849078
1331301914
1348471483
1349453417
1352283211
1359680417
1361551721
1362275005
1363396644
1368180983
1369550335
1370251030
1378089273
1380371295
1380953656
1388114657
1392181427
1396340341
1397960142
1402359833
1402691524
1424918105
1426338573
1434168378
1438378153
1439064555
1443936529
1455366642
1458250993
1459684614
1473422201
1483412103
1483472215
1484827383
1485182141
1505723110
1509557878
1514357579
1527238126
1529436750
1553812535
1555615615
1559692858
1560294875
1567869580
1581744141
1589559331
1592499360
1606641935
1608158291
1609146531
1621186917
1625591498
1625944707
1635544446
1642167918
1643691480
1651821661
1655932736
1656771864
1657581384
1659283630
1659284243
1661721551
1663294717
1664931475
1665862368
1668861524
1671471322
1674254488
1675851379
1676091530
1676781546
1677295382
1677331149
1678221354
1678911416
1679510613
1679631362
1680127278
1681101517
1681431255
1684281018
1686597025
1695265395
1695500158
1696255383
1701501507
1702047128
1703214574
1705855130
1706335919
1709086325
1714707093
1722113529
1736122467
1737627383
1747195754
1747525104
1750555411
1755554465
1779057842
1792764969
1793035676
1797987311
1803294936
1805393079
1805534696
1812488806
1815480667
1825880908
1827041996
1827993072
1833798299
1834426312
1836244057
1844775034
1847233140
1847798996
1848338759
1850520889
1851488294
100000008515806
100000008562879
100000009507625
100000009633709
100000012648225
100000013681948
100000014609636
100000022502316
100000024430299
100000028229166
100000031412216
100000031596441
100000031842399
100000033722180
100000034262295
100000040632630
100000043264872
100000044910057
100000045812235
100000046802174
100000050908990
100000057542273
100000057692160
100000057793193
100000059132326
100000064892122
100000064922232
100000071162271
100000075182260
100000078212257
100000079292215
100000081842150
100000081916713
100000087894849
100000091457332
100000092006193
100000092484278
100000094602597
100000098252204
100000099572240
100000118008567
100000124492128
100000138315544
100000142826045
100000156883764
100000163231134
100000164940039
100000166806634
100000174099990
100000186943831
100000188161334
100000192664284
100000193638305
100000198878644
100000213387143
100000215588314
100000230256567
100000233136386
100000234234998
100000235321080
100000253251598
100000258808557
100000259408665
100000260276455
100000281932982
100000293002272
100000293429469
100000296823512
100000308471751
100000309107886
100000320844444
100000322948084
100000324979226
100000329175718
100000329355653
100000337075810
100000341357132
100000341929425
100000364961307
100000371111331
100000372913556
100000386312177
100000386446011
100000390146605
100000396093102
100000409874820
100000411454182
100000411924721
100000413194273
100000415100571
100000427491401
100000431543310
100000442296487
100000443972515
100000444820525
100000447088415
100000448219304
100000449943382
100000452013748
100000454529006
100000454887285
100000462326371
100000470435341
100000474180463
100000474213994
100000475770487
100000492240457
100000495118433
100000503669002
100000507120449
100000521444930
100000523690927
100000527659878
100000528815472
100000539972526
100000552775149
100000555314208
100000556901898
100000566636138
100000573748443
100000579642311
100000585650223
100000586058442
100000597118510
100000597244960
100000611324185
100000622912025
100000637776131
100000639993414
100000643299479
100000680547663
100000688453544
100000692408316
100000694071228
100000695477940
100000704184128
100000710307998
100000722721233
100000727350929
100000733484120
100000765456103
100000769701808
100000774419102
100000788908955
100000796802133
100000797480054
100000805609657
100000807127525
100000809687806
100000817108006
100000828289758
100000830229916
100000841208297
100000846475123
100000847486860
100000874663418
100000893131064
100000895923651
100000901801388
100000909366271
100000913293383
100000913404074
100000914452065
100000925540489
100000930072470
100000933842504
100000939775322
100000945556017
100000949673821
100000958384962
100000966941179
100000970783662
100000972019686
100000975109440
100000984420566
100000993464076
100001004769612
100001022412292
100001029512808
100001035182906
100001055988314
100001062103992
100001064308141
100001065875793
100001066506924
100001074270173
100001082699165
100001091760614
100001094451129
100001095405050
100001108503657
100001115366109
100001137098502
100001144588577
100001145974218
100001148591096
100001150786756
100001166496538
100001170388715
100001172822135
100001187997268
100001190837455
100001194419111
100001197132159
100001213512307
100001239768137
100001240136822
100001250458994
100001251323006
100001253156767
100001257502896
100001264406066
100001269547118
100001281816806
100001282487973
100001295102834
100001301727268
100001324787549
100001326427099
100001326494615
100001344692344
100001346223858
100001353308560
100001355325479
100001362702531
100001367881898
100001369656687
100001378811776
100001380364115
100001412552997
100001417891418
100001428755170
100001429738700
100001430744165
100001431810225
100001432072117
100001435324484
100001440151276
100001441382476
100001442465309
100001451772666
100001453088474
100001454373873
100001462211473
100001463575228
100001468124781
100001476572186
100001476713833
100001487409896
100001498193181
100001519338164
100001523992535
100001529195477
100001529958072
100001531811080
100001531837937
100001535392950
100001540498799
100001541097299
100001549632084
100001553352853
100001557987298
100001563730289
100001564046802
100001566425384
100001567757120
100001571382177
100001590235630
100001601609042
100001603039816
100001604661847
100001607630495
100001610823749
100001620866859
100001623279624
100001637733796
100001638197095
100001656446180
100001660820014
100001665898522
100001666813041
100001666964124
100001678043861
100001684648095
100001686219642
100001700068960
100001701559030
100001705493470
100001706564797
100001709814300
100001710075425
100001714073709
100001714584953
100001715635346
100001725133953
100001728745432
100001730413710
100001750524965
100001753086057
100001754594964
100001757825366
100001763921068
100001775211612
100001777802870
100001781502882
100001790158158
100001799308108
100001802015567
100001814705574
100001827144656
100001827683802
100001836617044
100001839148483
100001845598948
100001847214721
100001847628901
100001848640575
100001861653179
100001864230958
100001866077323
100001868492072
100001868680362
100001889758616
100001891274814
100001898377993
100001904149255
100001907185329
100001916404285
100001920166833
100001935767503
100001939632188
100001942255957
100001959452332
100001960112703
100001960955015
100001961495263
100001965737749
100001968010880
100001969780593
100001970136885
100001977314559
100001978048216
100001990627710
100001995197878
100002000008600
100002001092940
100002009121501
100002012230734
100002031759591
100002032052141
100002035228688
100002035970009
100002041787029
100002041943890
100002045502476
100002050659763
100002053568781
100002056918633
100002059595786
100002062001983
100002064023265
100002076877421
100002087383269
100002089277779
100002095099856
100002097616630
100002097754452
100002100563866
100002100658672
100002101142697
100002106400711
100002107665494
100002109610278
100002113861126
100002122908689
100002125130743
100002127274445
100002128040705
100002130135976
100002133969713
100002135600545
100002136977295
100002141893651
100002145820018
100002152842197
100002156610014
100002159553954
100002162477459
100002162919626
100002164083989
100002169512448
100002170062700
100002170170873
100002178955881
100002189305159
100002189457694
100002193362322
100002198652354
100002203346893
100002206945614
100002208904341
100002227098540
100002228891869
100002229282933
100002234067549
100002246378803
100002250513345
100002250736152
100002253461529
100002254035417
100002255975864
100002258825555
100002270299204
100002281634578
100002282984615
100002287947198
100002290408563
100002293205595
100002297467337
100002298946673
100002301034570
100002304076562
100002304316195
100002307030614
100002309053660
100002309086318
100002310744697
100002312864975
100002314571035
100002320331620
100002321115013
100002327536571
100002329296455
100002330647684
100002332299056
100002338206815
100002338318599
100002338920187
100002350659305
100002351309224
100002352469007
100002357368487
100002360765168
100002364702607
100002366111379
100002367369669
100002367496702
100002368681552
100002369096692
100002372686683
100002378063187
100002384326519
100002390226972
100002390242382
100002393170580
100002394576287
100002400318588
100002404703323
100002404975003
100002411233880
100002417804029
100002422536340
100002424603054
100002429530324
100002431672109
100002433848306
100002443309232
100002448608998
100002450273289
100002454120018
100002454805607
100002463349101
100002473831854
100002488565459
100002492268545
100002492995448
100002496253574
100002498476504
100002507455968
100002510547193
100002511009316
100002519195557
100002521154215
100002525563635
100002527820194
100002533432685
100002535533446
100002543368565
100002547642913
100002549393691
100002563286535
100002582770360
100002585776594
100002586558251
100002593456141
100002598362173
100002610220148
100002617959085
100002628931204
100002634717662
100002639157869
100002639167371
100002641629156
100002653589182
100002653673139
100002656914947
100002656968727
100002696870916
100002697826615
100002702158870
100002724043526
100002731080377
100002736407464
100002747177970
100002758258751
100002765311166
100002768947546
100002797302209
100002845370106
100002858125003
100002863166553
100002869383790
100002874610352
100002892349107
100002893720150
100002899740525
100002920096124
100002920622146
100002931364511
100002937739030
100002937937603
100002943763070
100002946431929
100002953304905
100002953785364
100002978935402
100003000695633
100003002078561
100003016152076
100003018392085
100003023530959
100003056407290
100003062178652
100003068438475
100003076105946
100003117703368
100003118497389
100003141352384
100003154328485
100003160509591
100003162449124
100003166203508
100003181308202
100003183185396
100003185152504
100003203964840
100003232717476
100003242633037
100003270422483
100003276001968
100003287633438
100003304647116
100003306117017
100003310041129
100003311008689
100003311247205
100003322973303
100003335637646
100003349043294
100003350374696
100003366389259
100003369669996
100003381760791
100003382431945
100003387562769
100003388172579
100003391163097
100003402758229
100003451847874
100003461036143
100003465355092
100003466776177
100003476428130
100003477447022
100003496179347
100003500073489
100003510399072
100003532998035
100003548992710
100003552611928
100003565405338
100003568148253
100003570835580
100003596995529
100003621381519
100003632281448
100003662358272
100003663191938
100003673502188
100003682013729
100003698210812
100003710034189
100003714624168
100003723038989
100003769653823
100003788482569
100003792214997
100003796128251
100003826101170
100003836044135
100003838608096
100003864242141
100003909265734
100003909928046
100003940775734
100003974382051
100004061236048
100004088312326
100004098374463
100004101191757
100004200817682
100004201989922
100004264471500
100004292223279
100004300504641
100004370560623
